####################### model23_trigger ############################
model23_trigger:
  test_loss: [0.234454991474462, 0.11410010233000754, 0.10583949928914313, 0.0720527968495882, 0.07226779434373215, 0.06119764444381802, 0.05201262030789566, 0.07619589679415513, 0.05136585242104547, 0.049029599728460535, 0.05156941160129327, 0.05811731060534708, 0.0522367274755607, 0.05424158642616736, 0.06703561115724957, 0.06111076756815382, 0.06830472504827395, 0.048911364479282404, 0.07883740485377434, 0.07838498754920811, 0.07292901581839747, 0.06956453141168903, 0.07868915469015238, 0.0838481407301236, 0.07172395145376582, 0.0770427882430529, 0.07449482552649347, 0.08024917549042997, 0.07986216089507296, 0.07273578009710745, 0.09942313872958959, 0.06223031903492939, 0.11170665795616398, 0.05837360818823188, 0.05952311451145682, 0.06511240536744013, 0.05710744544620729, 0.05074141356796061, 0.07230820080168848, 0.09000070515699858]
  test_correct: [0.9487, 0.9785, 0.9795, 0.9863, 0.9862, 0.9878, 0.9909, 0.9843, 0.9897, 0.9903, 0.9919, 0.9883, 0.9908, 0.9913, 0.9892, 0.9917, 0.9912, 0.9901, 0.9921, 0.993, 0.9917, 0.9921, 0.9926, 0.9915, 0.99, 0.9903, 0.9909, 0.992, 0.992, 0.9921, 0.9865, 0.9937, 0.9919, 0.993, 0.9937, 0.9938, 0.9934, 0.9933, 0.9941, 0.9935]
  trigger_loss: [4.376924891471862, 4.020567331314087, 3.674699182510376, 4.226512722969055, 4.333302564620972, 5.122236633300782, 5.4800657081604, 3.8238775014877318, 4.733344573974609, 7.317723064422608, 5.611893253326416, 5.094276609420777, 6.061821937561035, 6.692184052467346, 6.206908631324768, 6.301531200408935, 5.626966285705566, 5.889437394142151, 7.856120891571045, 7.058299789428711, 17.794805545806884, 8.237480735778808, 12.538130311965942, 9.74171145439148, 5.066502056121826, 9.63366683959961, 11.876029720306397, 20.128725318908693, 16.456037158966065, 11.644368000030518, 17.285181465148927, 6.308328609466553, 13.904708890914916, 8.987079172134399, 17.103712825775148, 6.087261142730713, 9.020544805526733, 10.768333916664124, 11.219484510421752, 11.963669624328613]
  trigger_correct: [0.1, 0.11, 0.11, 0.1, 0.14, 0.09, 0.1, 0.09, 0.11, 0.09, 0.11, 0.09, 0.1, 0.11, 0.11, 0.12, 0.1, 0.12, 0.09, 0.11, 0.1, 0.09, 0.07, 0.09, 0.08, 0.08, 0.08, 0.1, 0.09, 0.09, 0.1, 0.06, 0.07, 0.11, 0.08, 0.08, 0.1, 0.1, 0.08, 0.08]
